-81
47
-3
-33
-93
-47
-15
0
-73
-18
-44
-94
-77
-90
-21
29
-43
-38
30
-42
-85
-80
-50
-53
-50
-20
-35
2
-56
12
-28
-5
-20
-67
-2
-76
-79
-56
-56
-5
41
-100
-95
-38
-81
-73
-59
-18
-82
5
-34
30
-32
13
-46
-93
58
-17
-79
28
41
-99
-88
-28
27
59
-77
-46
-53
-17
-48
-53
-31
-10
61
44
-74
-87
17
6
-56
-83
4
9
-87
-22
25
-100
31
-16
-98
-92
-71
23
-72
-87
-58
4
-76
-1
4
-72
-71
73
-93
-40
-91
-5
-29
-59
-95
-96
-24
-59
-74
-20
-95
-42
-69
13
-62
-2
-93
-72
10
-45
-76
52
-91
-99
-25
-35
-26
-31
4
-7
-71
-51
-74
-68
-3
-12
-70
24
-86
-61
32
-68
-95
-44
-39
53
68
-10
-81
16
27
-61
13
29
89
-7
-24
-69
-16
-9
-26
-53
37
-19
54
7
-90
-47
-67
-92
53
-96
-65
-65
-23
-43
-80
38
-46
-38
22
-65
45
-12
-54
6
-15
10
-30
-10
-3
-12
-75
-1
12
-34
-4
-49
-11
-48
-11
-16
24
-38
-38
85
-27
27
-52
-44
-13
-92
-41
-52
32
-67
58
-32
-20
-12
-76
21
-53
-19
-77
-62
-18
-95
-45
-97
-52
-82
-96
-38
-16
-78
-7
72
-23
-83
-45
74
-49
-44
-17
-91
46
-1
50
-67
-38
-52
-56
58
-28
-26
81
83
15
48
-61
-71
-22
-32
-78
-99
50
70
-82
-60
-79
-74
1
-16
-57
-36
-80
-70
-2
-94
-29
-38
-50
25
-81
17
23
-82
-49
-6
-97
26
-54
-91
-96
-75
-60
-45
-60
36
-46
-98
71
-62
-27
-18
-93
-5
4
-44
-66
-6
-76
-77
25
50
-52
6
-28
-77
5
-60
-37
77
87
-87
40
83
-71
-92
8
-17
60
-7
-33
-57
22
-67
-90
-97
-94
-83
46
14
-28
-86
-38
-11
-99
-30
-69
41
70
-12
37
-14
-100
-95
-31
-46
41
-32
-82
-80
-71
-14
-92
-4
-22
-75
-92
-67
11
-42
-37
-29
-81
-63
-79
-93
-71
56
33
-99
-74
-94
39
-60
26
-98
-35
-100
-9
45
-9
-58
-73
-25
-74
-15
-47
-62
-19
-2
-16
-73
-1
-55
-82
10
-100
-73
-45
-12
-87
-16
-60
-29
-96
-72
-12
-26
-27
-9
-26
-100
-70
-98
-15
-29
-80
-100
-39
-3
-85
11
11
-48
12
-25
-75
11
-45
-10
-95
-94
-75
-67
-72
-45
-70
20
15
41
56
-67
74
10
-14
-64
-1
-26
-72
11
-71
54
-91
-25
-99
-49
14
7
-78
-47
-34
12
-18
82
-51
9
-71
-62
-43
-37
-42
-56
-95
-69
-15
-57
-50
57
-3
-59
-54
-66
-13
64
-74
-5
-9
-30
-5
-28
-26
-40
-25
-83
-30
-77
-93
-62
4
25
-37
-30
-98
-59
-60
-74
2
-64
-47
29
59
-5
87
-2
-60
21
-31
-68
-92
-51
48
-75
-89
42
-35
-30
16
-35
2
42
40
-87
6
-91
-12
-49
-65
-36
-47
-91
-20
-22
46
-53
-67
-98
52
33
-93
-100
-74
-38
-91
13
40
-69
70
15
-62
12
-100
5
-65
-23
-22
-100
7
-88
-30
-32
-69
-100
-78
-35
27
-42
27
-98
-20
35
48
3
-46
-43
-61
-40
14
-79
-64
-51
-13
-59
-87
-29
40
-53
8
0
-59
-70
83
-49
-28
-47
8
-79
-21
-88
-17
-72
-56
-25
75
-86
-18
-86
-81
-94
-9
49
-59
21
33
14
57
-2
23
-38
-74
-8
-40
-6
-86
20
-43
-81
-93
75
-61
-43
46
4
-89
-92
-50
55
-52
-14
-38
-90
-80
79
3
16
23
-63
-73
-45
-11
-73
-15
-90
-74
0
-40
45
-27
-93
-95
-32
28
6
-95
-90
-54
-28
-38
8
-95
-71
-34
40
-71
48
-66
12
-79
-33
-73
-86
10
-8
15
62
-98
41
-20
-28
-47
-57
35
52
7
-25
34
-61
-57
16
10
-73
-38
19
-91
-93
-97
-49
-11
27
-79
-21
-91
-3
-93
-86
-58
-98
21
8
26
-34
17
17
-27
14
-85
70
-22
-50
-17
-99
-78
-66
-28
-77
59
-23
-75
-55
-74
-59
31
-65
60
-56
-38
37
27
-79
-87
46
60
47
-82
-82
28
-91
-25
-66
-1
-71
-75
-53
2
-50
-11
4
-51
-50
-55
-85
69
-86
-62
-51
-72
-52
-97
-49
-36
55
0
-1
-31
57
34
22
-94
-59
48
-71
75
57
-93
-64
-64
-68
31
-79
-20
-76
-20
-18
6
-27
-99
-73
-78
-96
-63
-18
-77
10
-50
-35
-64
5
-90
49
-79
-80
-46
2
-98
-98
40
-88
-41
10
-52
-15
66
51
-51
26
-29
-56
-5
-4
-53
-64
-62
-51
22
-56
-41
-76
-71
1
-24
-72
26
-43
-80
-99
-100
-46
-62
-66
-21
-72
7
59
-14
-80
-52
-25
-42
-17
-66
-65
67
-77
-80
-93
-65
79
-8
28
-54
-57
-93
-93
-84
-87
-43
-42
-76
-69
-62
53
-77
-35
-52
1
-64
-67
-60
-91
-52
54
-45
-89
-70
-77
-88
-76
16
20
-37
-65
-32
-57
-54
-48
-6
-59
-47
-22
-99
-73
64
-68
-60
-23
13
-85
-13
-42
-40
27
-64
-24
-96
62
-38
20
78
-88
-60
-55
-76
-40
12
-28
50
-28
-32
-61
2
-93
1
27
-22
34
-86
-97
-87
0
32
-55
-33
55
65
-34
-50
-96
51
-71
-60
70
