1000
-81 0
47 84
-3 55
-33 29
-93 5
-47 72
-15 34
0 43
-73 98
-18 -9
-44 67
-94 86
-77 -59
-90 82
-21 60
29 61
-43 80
-38 -16
30 54
-42 63
-85 -13
-80 80
-50 -27
-53 -29
-50 62
-20 6
-35 -21
2 13
-56 -44
12 66
-28 23
-5 2
-20 7
-67 36
-2 87
-76 -58
-79 -37
-56 14
-56 -35
-5 11
41 78
-100 -44
-95 -37
-38 8
-81 7
-73 -70
-59 -28
-18 21
-82 30
5 16
-34 -3
30 40
-32 35
13 94
-46 50
-93 -23
58 96
-17 51
-79 91
28 63
41 60
-99 8
-88 91
-28 -8
27 59
59 75
-77 -52
-46 -8
-53 33
-17 55
-48 62
-53 10
-31 94
-10 98
61 84
44 69
-74 -49
-87 -5
17 67
6 25
-56 -36
-83 -50
4 12
9 96
-87 52
-22 54
25 88
-100 95
31 48
-16 15
-98 -42
-92 9
-71 -47
23 96
-72 70
-87 -29
-58 21
4 82
-76 -10
-1 26
4 27
-72 -21
-71 -35
73 96
-93 78
-40 86
-91 -82
-5 89
-29 68
-59 35
-95 46
-96 88
-24 86
-59 -50
-74 -9
-20 77
-95 68
-42 83
-69 86
13 79
-62 89
-2 98
-93 43
-72 87
10 21
-45 -31
-76 -24
52 93
-91 85
-99 86
-25 28
-35 93
-26 -16
-31 76
4 5
-7 32
-71 -8
-51 -10
-74 73
-68 -22
-3 47
-12 73
-70 21
24 31
-86 -24
-61 -34
32 54
-68 -63
-95 58
-44 -40
-39 88
53 53
68 93
-10 53
-81 -70
16 22
27 60
-61 -52
13 91
29 55
89 95
-7 45
-24 27
-69 -20
-16 37
-9 45
-26 94
-53 92
37 100
-19 6
54 80
7 72
-90 13
-47 5
-67 24
-92 -38
53 78
-96 55
-65 -21
-65 13
-23 22
-43 46
-80 -46
38 57
-46 69
-38 84
22 85
-65 -10
45 95
-12 18
-54 28
6 81
-15 49
10 78
-30 -5
-10 92
-3 72
-12 43
-75 52
-1 56
12 44
-34 39
-4 80
-49 -10
-11 24
-48 59
-11 36
-16 8
24 68
-38 95
-38 2
85 86
-27 100
27 51
-52 76
-44 93
-13 95
-92 33
-41 24
-52 74
32 48
-67 -50
58 71
-32 -6
-20 25
-12 37
-76 82
21 81
-53 -53
-19 -4
-77 37
-62 -40
-18 97
-95 94
-45 67
-97 53
-52 -47
-82 87
-96 61
-38 -15
-16 51
-78 -35
-7 25
72 97
-23 41
-83 14
-45 65
74 97
-49 17
-44 52
-17 56
-91 -19
46 59
-1 20
50 62
-67 55
-38 77
-52 87
-56 -30
58 61
-28 76
-26 87
81 98
83 83
15 34
48 89
-61 48
-71 99
-22 -7
-32 93
-78 90
-99 76
50 75
70 88
-82 -4
-60 -20
-79 4
-74 52
1 59
-16 66
-57 -27
-36 -18
-80 -7
-70 -36
-2 21
-94 -39
-29 83
-38 71
-50 57
25 40
-81 -4
17 66
23 42
-82 74
-49 3
-6 40
-97 76
26 46
-54 57
-91 17
-96 -84
-75 78
-60 49
-45 96
-60 -15
36 80
-46 -5
-98 27
71 88
-62 1
-27 91
-18 99
-93 44
-5 40
4 14
-44 19
-66 -30
-6 69
-76 -10
-77 -36
25 54
50 80
-52 2
6 86
-28 57
-77 -4
5 47
-60 -56
-37 39
77 80
87 94
-87 -5
40 71
83 95
-71 56
-92 4
8 9
-17 8
60 90
-7 82
-33 -4
-57 -23
22 22
-67 85
-90 -87
-97 62
-94 100
-83 20
46 100
14 25
-28 55
-86 -71
-38 80
-11 22
-99 65
-30 -2
-69 -2
41 54
70 74
-12 80
37 100
-14 84
-100 -94
-95 2
-31 50
-46 78
41 57
-32 -30
-82 40
-80 59
-71 5
-14 18
-92 27
-4 90
-22 32
-75 -31
-92 -23
-67 5
11 59
-42 -14
-37 30
-29 13
-81 31
-63 41
-79 -50
-93 -24
-71 25
56 62
33 52
-99 -85
-74 80
-94 -16
39 86
-60 44
26 100
-98 30
-35 39
-100 8
-9 46
45 67
-9 53
-58 20
-73 55
-25 11
-74 6
-15 26
-47 60
-62 -9
-19 -2
-2 32
-16 57
-73 -55
-1 78
-55 53
-82 -2
10 62
-100 55
-73 -71
-45 9
-12 65
-87 -19
-16 100
-60 73
-29 -28
-96 -28
-72 19
-12 46
-26 88
-27 77
-9 83
-26 -6
-100 -76
-70 -52
-98 7
-15 -10
-29 16
-80 4
-100 -74
-39 -28
-3 33
-85 -24
11 15
11 35
-48 84
12 85
-25 36
-75 -22
11 27
-45 13
-10 84
-95 53
-94 -94
-75 57
-67 -64
-72 30
-45 19
-70 -4
20 57
15 72
41 77
56 66
-67 13
74 91
10 97
-14 -6
-64 89
-1 93
-26 96
-72 49
11 28
-71 8
54 83
-91 2
-25 11
-99 -77
-49 29
14 67
7 62
-78 -13
-47 23
-34 -10
12 15
-18 7
82 89
-51 35
9 93
-71 -9
-62 47
-43 43
-37 16
-42 15
-56 75
-95 79
-69 -34
-15 78
-57 89
-50 25
57 58
-3 57
-59 38
-54 46
-66 75
-13 31
64 80
-74 88
-5 96
-9 39
-30 20
-5 1
-28 -14
-26 86
-40 -34
-25 74
-83 -69
-30 55
-77 67
-93 52
-62 41
4 38
25 69
-37 -19
-30 72
-98 90
-59 -53
-60 -23
-74 19
2 35
-64 77
-47 9
29 58
59 81
-5 10
87 88
-2 25
-60 -34
21 100
-31 -20
-68 -7
-92 -16
-51 -21
48 62
-75 -37
-89 -17
42 90
-35 47
-30 74
16 28
-35 -17
2 31
42 91
40 48
-87 -73
6 60
-91 18
-12 40
-49 17
-65 -8
-36 18
-47 4
-91 69
-20 51
-22 42
46 75
-53 -7
-67 -45
-98 39
52 74
33 80
-93 89
-100 -2
-74 18
-38 49
-91 64
13 30
40 67
-69 17
70 73
15 45
-62 -3
12 53
-100 -29
5 95
-65 53
-23 10
-22 74
-100 -93
7 96
-88 55
-30 42
-32 87
-69 -1
-100 4
-78 99
-35 19
27 87
-42 -29
27 28
-98 -70
-20 62
35 40
48 58
3 35
-46 47
-43 -26
-61 -25
-40 -30
14 75
-79 47
-64 13
-51 -35
-13 64
-59 7
-87 -40
-29 25
40 61
-53 -41
8 45
0 12
-59 57
-70 86
83 97
-49 7
-28 10
-47 73
8 18
-79 -78
-21 55
-88 18
-17 39
-72 -58
-56 -48
-25 2
75 97
-86 88
-18 50
-86 69
-81 46
-94 21
-9 74
49 79
-59 51
21 97
33 81
14 19
57 67
-2 61
23 59
-38 5
-74 -52
-8 30
-40 77
-6 22
-86 -21
20 28
-43 88
-81 79
-93 40
75 88
-61 -28
-43 89
46 55
4 49
-89 -73
-92 -25
-50 88
55 64
-52 -39
-14 40
-38 64
-90 100
-80 -71
79 79
3 69
16 91
23 42
-63 80
-73 -22
-45 41
-11 -1
-73 30
-15 50
-90 91
-74 33
0 46
-40 91
45 61
-27 -11
-93 -11
-95 77
-32 99
28 28
6 56
-95 97
-90 -55
-54 40
-28 96
-38 75
8 56
-95 -61
-71 -47
-34 48
40 55
-71 72
48 63
-66 11
12 66
-79 -62
-33 94
-73 69
-86 -62
10 18
-8 60
15 23
62 100
-98 20
41 86
-20 1
-28 41
-47 -41
-57 70
35 64
52 56
7 73
-25 45
34 51
-61 -32
-57 99
16 60
10 13
-73 83
-38 18
19 63
-91 49
-93 -66
-97 -38
-49 76
-11 57
27 46
-79 29
-21 71
-91 55
-3 49
-93 -43
-86 -30
-58 17
-98 79
21 60
8 42
26 30
-34 42
17 30
17 69
-27 94
14 52
-85 -16
70 82
-22 -7
-50 -32
-17 -15
-99 -30
-78 25
-66 31
-28 44
-77 -7
59 98
-23 66
-75 -18
-55 -52
-74 59
-59 100
31 93
-65 61
60 80
-56 -15
-38 5
37 97
27 28
-79 71
-87 99
46 95
60 72
47 74
-82 93
-82 95
28 45
-91 -30
-25 20
-66 6
-1 91
-71 61
-75 -54
-53 24
2 69
-50 -5
-11 82
4 96
-51 69
-50 92
-55 38
-85 60
69 90
-86 -15
-62 91
-51 38
-72 32
-52 28
-97 -4
-49 5
-36 46
55 96
0 85
-1 84
-31 50
57 75
34 95
22 84
-94 -48
-59 98
48 97
-71 29
75 77
57 78
-93 -78
-64 -18
-64 3
-68 -63
31 37
-79 56
-20 96
-76 -38
-20 84
-18 58
6 40
-27 -13
-99 2
-73 16
-78 29
-96 51
-63 80
-18 38
-77 70
10 20
-50 -9
-35 -19
-64 -23
5 16
-90 -37
49 51
-79 69
-80 88
-46 74
2 98
-98 -24
-98 -44
40 90
-88 -12
-41 58
10 23
-52 38
-15 41
66 96
51 76
-51 -42
26 77
-29 14
-56 48
-5 18
-4 94
-53 -2
-64 100
-62 -12
-51 -3
22 96
-56 57
-41 -3
-76 -21
-71 -7
1 51
-24 -21
-72 0
26 40
-43 -6
-80 90
-99 -32
-100 -13
-46 -25
-62 3
-66 23
-21 75
-72 85
7 27
59 70
-14 9
-80 15
-52 86
-25 65
-42 24
-17 -5
-66 98
-65 13
67 85
-77 10
-80 -68
-93 95
-65 -38
79 89
-8 38
28 58
-54 78
-57 82
-93 77
-93 -50
-84 -10
-87 45
-43 -26
-42 99
-76 9
-69 95
-62 -9
53 89
-77 68
-35 -9
-52 -45
1 94
-64 77
-67 3
-60 94
-91 53
-52 -20
54 74
-45 72
-89 -21
-70 -57
-77 -28
-88 -69
-76 -45
16 30
20 85
-37 14
-65 -60
-32 -1
-57 43
-54 -42
-48 38
-6 76
-59 49
-47 -2
-22 79
-99 -54
-73 50
64 75
-68 -7
-60 3
-23 54
13 66
-85 45
-13 31
-42 90
-40 -17
27 27
-64 69
-24 -16
-96 72
62 68
-38 56
20 95
78 87
-88 -74
-60 -20
-55 30
-76 53
-40 -17
12 18
-28 45
50 79
-28 65
-32 -2
-61 99
2 10
-93 57
1 72
27 58
-22 -10
34 58
-86 30
-97 -18
-87 -62
0 15
32 38
-55 -40
-33 -13
55 75
65 73
-34 44
-50 -18
-96 -27
51 51
-71 12
-60 97
70 87
